	CF010.-355D.RA5.01.35268.mzXML	CF012.23D.RA1.01.35522.mzXML	CF034.-327D.RA9.01.35276.mzXML	CF034.51D.RH4.01.35446.mzXML	CF037.-196D.RD8.01.35352.mzXML	CF041.-222D.RC9.01.35328.mzXML	CF046.-140D.RE10.01.35382.mzXML	CF053.0D.RF12.01.35412.mzXML	CF061.-140D.RE9.01.35380.mzXML	CF061.-14D.RF9.01.35406.mzXML	CF064.-222D.RC10.01.35330.mzXML	CF066.-131D.RF2.01.35392.mzXML	CF069.-173D.RE1.01.35364.mzXML	CF075.156D.BA7.01.35481.mzXML	CF077.-131D.RF1.01.35390.mzXML	CF082.-161D.RE3.01.35368.mzXML	CF083.-313D.RB1.01.35286.mzXML	CF086.-243D.RC4.01.35318.mzXML	CF092.21D.RG12.01.35437.mzXML	CF093.65D.RH5.01.35448.mzXML	CF095.-14D.RF10.01.35408.mzXML	CF104.0D.RF11.01.35410.mzXML	CF107.-215D.RC12.01.35334.mzXML	CF130.-271D.RB11.01.35306.mzXML	CF138.23D.RH1.01.35440.mzXML	CF139.-313D.RB2.01.35288.mzXML	CF142.-180D.RD11.01.35358.mzXML	CF146.91D.RH9.01.35456.mzXML	CF148.-243D.RC3.01.35316.mzXML	CF149.-327D.RA8.01.35274.mzXML	CF151.-243D.RC2.01.35314.mzXML	CF151.14D.RG6.01.35425.mzXML	CF154.-327D.RA10.01.35278.mzXML	CF157.-159D.RE5.01.35372.mzXML	CF160.-224D.RC8.01.35326.mzXML	CF167.-203D.RD5.01.35346.mzXML	CF175.-138D.RE12.01.35386.mzXML	CF176.133D.BA4.01.35474.mzXML	CF178.-278D.RB10.01.35304.mzXML	CF188.-194D.RD9.01.35354.mzXML	CF188.23D.RH2.01.35442.mzXML	CF189.-61D.RF6.01.35400.mzXML	CF193.-285D.RB9.01.35302.mzXML	CF204.-215D.RD2.01.35340.mzXML	CF211.-168D.RE2.01.35366.mzXML	CF217.14D.RA2.01.35524.mzXML	CF222.-320D.RA11.01.35280.mzXML	CF225.-201D.RD6.01.35348.mzXML	CF229.-271D.RB12.01.35308.mzXML	CF230.-313D.RB3.01.35290.mzXML	CF230.2D.RG4.01.35421.mzXML	CF231.-285D.RB8.01.35300.mzXML	CF234.-124D.RF3.01.35394.mzXML	CF235.-285D.RB7.01.35298.mzXML	CF236.-362D.RA2.01.35262.mzXML	CF239.-336D.RA6.01.35270.mzXML	CF246.-215D.RD1.01.35338.mzXML	CF247.135D.BA6.01.35478.mzXML	CF252.-138D.RE11.01.35384.mzXML	CF252.114D.RA3.01.35526.mzXML	CF254.-0D.RG1.01.35415.mzXML	CF259.2D.RG2.01.35417.mzXML	CF259.79D.RH7.01.35452.mzXML	CF262.-187D.RD10.01.35356.mzXML	CF264.-124D.RF5.01.35398.mzXML	CF269.-152D.RE7.01.35376.mzXML	CF272.-362D.RA1.01.35260.mzXML	CF277.-159D.RE4.01.35370.mzXML	CF278.-217D.RC11.01.35332.mzXML	CF282.-208D.RD3.01.35342.mzXML	CF287.-243D.RC5.01.35320.mzXML	CF290.-173D.RD12.01.35360.mzXML	CF292.135D.BA5.01.35476.mzXML	CF298.-320D.RA12.01.35282.mzXML	CF299.-299D.RB5.01.35294.mzXML	CF301.156D.BA8.01.35483.mzXML	CF302.2D.RA4.01.35528.mzXML	CF312.-152D.RE8.01.35378.mzXML	CF318.-236D.RC6.01.35322.mzXML	CF318.-299D.RB4.01.35292.mzXML	CF318.-344D.RA7.01.35272.mzXML	CF318.-355D.RA4.01.35266.mzXML	CF318.114D.RH12.01.35462.mzXML	CF318.79D.RH8.01.35454.mzXML	CF318.93D.RH11.01.35460.mzXML	CF326.2D.RG5.01.35423.mzXML	CF328.-61D.RF7.01.35402.mzXML	CF338.-208D.RD4.01.35344.mzXML	CF339.-159D.RE6.01.35374.mzXML	CF342.-124D.RF4.01.35396.mzXML	CF343.77D.RH6.01.35450.mzXML	CF344.-196D.RD7.01.35350.mzXML	CF344.21D.RG10.01.35433.mzXML	CF35.-362D.RA3.01.35264.mzXML	CF353.128D.BA3.01.35472.mzXML	CF355.-266D.RC1.01.35312.mzXML	CF356.16D.RG8.01.35429.mzXML	CF371.-14D.RF8.01.35404.mzXML	CF374.128D.BA2.01.35470.mzXML	CF375.91D.RH10.01.35458.mzXML	CF377.21D.RG11.01.35435.mzXML	CF95.-224D.RC7.01.35324.mzXML
CF010.-355D.RA5.01.35268.mzXML	0.0	0.659801238084	0.620539653641	0.606977867128	0.373556189547	0.641946920228	0.330107742554	0.470221637407	0.548436860274	0.426848552701	0.866803071475	0.576086055174	0.3574105115	0.566985665284	0.743580536524	0.712179750623	0.487833847075	0.608232123307	0.396255318619	0.465044827233	0.48258234011	0.679216252443	0.596706570068	0.421413475744	0.560196556286	0.572499306011	0.418132794943	0.603951867279	0.645079484005	0.716901153551	0.620674833849	0.433859092681	0.573744262183	0.484457950194	0.526122200994	0.417764356339	0.328101044941	0.551996539494	0.488076924148	0.794213044053	0.542991211742	0.499469488936	0.378143386478	0.426464287417	0.439641297934	0.423730860269	0.515648298653	0.41801930066	0.416952384221	0.702343532466	0.555263526421	0.49217292764	0.431298716757	0.401506765446	0.340365017259	0.558855209595	0.602049584749	0.450751041921	0.451450419665	0.534936136474	0.718101269834	0.753988096758	0.77823465491	0.374229171082	0.394387452423	0.351614596303	0.442122958494	0.671507207242	0.460019177551	0.498455421387	0.816976256853	0.477451560146	0.558361712089	0.612830042298	0.483455402204	0.596647280872	0.545993079224	0.737345328493	0.653850134692	0.517397045022	0.539541585525	0.389696660896	0.449152625664	0.47176700405	0.462422021677	0.568936671142	0.597775016331	0.581463888459	0.43389478727	0.441127212619	0.462406954972	0.443798866965	0.533698077148	0.874635966702	0.504949401036	0.477373724847	0.319692437659	0.480434052792	0.534316169009	0.601584698022	0.602384554943	0.419248930607
CF012.23D.RA1.01.35522.mzXML	0.659801238084	0.0	0.742374721282	0.613299544845	0.72360375583	0.680323762088	0.564317395987	0.640945798697	0.403505811255	0.547510466167	0.737937023898	0.525788404544	0.690703582851	0.761707075956	0.588267418757	0.564788001886	0.715345084584	0.77940200551	0.740985309083	0.514927068771	0.742733754618	0.538877483178	0.759386309064	0.747565512853	0.490760064243	0.675625980282	0.598887393816	0.494571350785	0.72171534467	0.823940589953	0.413187970244	0.738668016864	0.825808184761	0.530180043187	0.743940361084	0.493702670811	0.732658292476	0.536843399401	0.651489063077	0.596814311768	0.569343500124	0.726909014387	0.676209159096	0.77047386221	0.757762212814	0.749931498266	0.76877601502	0.57017815715	0.79305807625	0.567939153983	0.657152326572	0.777596186766	0.786222702566	0.772021252258	0.644877016856	0.783354283985	0.784076695887	0.6905574616	0.739404767039	0.624373949968	0.647875871136	0.580854343592	0.586964654688	0.726629660068	0.764295065708	0.739564453839	0.727838841692	0.554148736754	0.752968782924	0.588653354655	0.693516201912	0.672302075912	0.599975487124	0.724959526479	0.833281611145	0.836923158053	0.671391818497	0.502568865275	0.770568328124	0.761057644568	0.718245971074	0.72285908132	0.671299251074	0.570008921875	0.635458057083	0.787875374777	0.640078572357	0.612870087274	0.720493567552	0.737666984709	0.738495481211	0.514485191366	0.500125411958	0.721096079694	0.723005286646	0.531322746109	0.718608423754	0.822419375489	0.680361472759	0.53333402353	0.358584258671	0.747804181041
CF034.-327D.RA9.01.35276.mzXML	0.620539653641	0.742374721282	0.0	0.562650438314	0.627976790951	0.553872259975	0.613294973858	0.582967989892	0.633801909402	0.606990496584	0.827034975774	0.648635121812	0.594376436462	0.587787978417	0.750368559853	0.731002024276	0.490932219968	0.546385367563	0.589754092443	0.634246163396	0.619372045513	0.625087079367	0.564667224692	0.605664227708	0.677790901367	0.622903502074	0.57764343998	0.678894916103	0.58820293546	0.618982956918	0.644881487323	0.669274190975	0.606610419163	0.557079775248	0.613404873979	0.60593798947	0.576766076652	0.597688974817	0.62347470685	0.767312971349	0.655114462242	0.55225922338	0.510847400406	0.566690066733	0.631513327432	0.646670955936	0.551074077259	0.599445624415	0.592174331198	0.633854283528	0.482290006725	0.641507679315	0.629673767101	0.652925495886	0.592926528573	0.535452926275	0.582177194589	0.598676986092	0.591959074334	0.642545769569	0.727490706737	0.788641615935	0.76813535885	0.601073615031	0.680275181532	0.623246007037	0.603804490499	0.64930006918	0.553418462488	0.664095808759	0.813636603578	0.539130507454	0.564162146012	0.560296812991	0.657790635462	0.71207915627	0.603031234521	0.756574173544	0.500276818356	0.495585369785	0.403830776581	0.521379669792	0.430356164898	0.617170348951	0.447890990104	0.707548958013	0.549205851296	0.613613113315	0.477345673169	0.595231670275	0.628012167146	0.596821301403	0.56446741401	0.84855750998	0.53753067669	0.614927767392	0.617549202418	0.693827637454	0.661672361479	0.600041019525	0.709347153364	0.625881072733
CF034.51D.RH4.01.35446.mzXML	0.606977867128	0.613299544845	0.562650438314	0.0	0.625630931872	0.632130196228	0.533067919198	0.577198667602	0.50151172501	0.561677272404	0.803027924857	0.62575799188	0.605036751944	0.648779210612	0.66614760437	0.64970193142	0.590987263403	0.662316975713	0.615587246086	0.520712749338	0.633522369187	0.576805810087	0.673526316447	0.628820732779	0.605257695374	0.569300638566	0.52363281745	0.601990403736	0.672553267088	0.77491206744	0.520574216317	0.666933550542	0.701822487426	0.508080290619	0.654035679266	0.499539029213	0.625352358497	0.5788321256	0.626826405805	0.734028653703	0.544126601929	0.598203645616	0.558233589438	0.610806217233	0.641343455027	0.644804496312	0.625682627791	0.527445544419	0.692145198795	0.623032846804	0.502622129963	0.674873132375	0.672468913876	0.653321354919	0.575509695358	0.618630958423	0.661159581816	0.593659091467	0.615909724214	0.591856763499	0.663111429463	0.74549615718	0.705946201507	0.595926122664	0.70387232698	0.633056609246	0.621652584874	0.572463775792	0.600185276674	0.617116661021	0.791103930565	0.596076678612	0.509833366342	0.636292105741	0.711985750499	0.751300678823	0.610584253201	0.66171808563	0.638286774963	0.615508795945	0.544373368854	0.57937022842	0.486867257924	0.546279093404	0.496789875205	0.657041057154	0.516393199202	0.523842363045	0.56074773047	0.623019288249	0.621795501982	0.5194803701	0.518845102575	0.825346083409	0.590962488424	0.519714964967	0.619054832462	0.720692778957	0.633336675751	0.493730913595	0.633326829595	0.636252456473
CF037.-196D.RD8.01.35352.mzXML	0.373556189547	0.72360375583	0.627976790951	0.625630931872	0.0	0.607544619554	0.378681628999	0.468986908442	0.565695136382	0.450964188736	0.867404545559	0.58141169957	0.343419501211	0.537201213174	0.789411784166	0.763644699851	0.503058580184	0.599048747127	0.34839618652	0.503242084087	0.403929308717	0.698766538216	0.585975927319	0.380127295108	0.669714541424	0.546619006816	0.417404078269	0.663236944738	0.628816000767	0.708956123725	0.694903564512	0.353205778109	0.55735913724	0.502769929544	0.468203622845	0.480864911136	0.294278591755	0.575595314635	0.458908964626	0.803945152105	0.573655618041	0.478579767612	0.390447079642	0.416574206301	0.351413631118	0.359333901136	0.485155376116	0.442420952752	0.427039464838	0.751907175576	0.547576429153	0.462963640269	0.365031750333	0.312711357998	0.417333404228	0.535074858895	0.576211571576	0.431374760521	0.386193428949	0.51318272903	0.735235884624	0.81719179103	0.806184529404	0.272142412421	0.369555723449	0.291760740675	0.414165105271	0.688961308876	0.404542170698	0.530828772006	0.817916478863	0.435266546549	0.576000449102	0.589560666632	0.411074194934	0.539678904837	0.478914904152	0.784523731316	0.627278449621	0.55431022455	0.557372129522	0.429314886442	0.466509945227	0.525079327837	0.469180733726	0.525702886687	0.602414811794	0.585247646049	0.426524564281	0.39511085255	0.377132854094	0.4774639544	0.57299743102	0.87739820376	0.477399538359	0.489813460108	0.287379816569	0.379300957141	0.479358779468	0.630301003618	0.684495001579	0.319240332882
CF041.-222D.RC9.01.35328.mzXML	0.641946920228	0.680323762088	0.553872259975	0.632130196228	0.607544619554	0.0	0.602178484565	0.507875127344	0.594271089552	0.597509695714	0.730526096773	0.572996530598	0.56880245324	0.623810203339	0.722525574345	0.682202232624	0.571832094612	0.519706905613	0.612556143209	0.674716708701	0.563054659103	0.594042002464	0.544244252655	0.609730082869	0.674836129059	0.687461159866	0.555489933115	0.655770593234	0.445270431259	0.597849007731	0.628592340326	0.615955412085	0.620108953136	0.524054337124	0.562591324685	0.634524628304	0.582933014246	0.554148041214	0.538960300048	0.703494755429	0.700244585099	0.498217817113	0.521767472104	0.575779447784	0.621736794854	0.625841237035	0.535144905623	0.604827382003	0.644053252452	0.558561832265	0.595327626302	0.622420834693	0.649551428859	0.611518531733	0.646655269946	0.541367008654	0.524754418584	0.650220593245	0.580535192527	0.548103309313	0.721145117506	0.715393225219	0.711097747179	0.594847519274	0.66189504265	0.613285690814	0.555794539825	0.626246054332	0.543869653566	0.597523706753	0.677097499923	0.458998470983	0.604136973571	0.410184053237	0.651492479944	0.721881116318	0.501374967024	0.737054849528	0.467039825703	0.565865507359	0.47068416867	0.58073231348	0.525508699017	0.637294259181	0.472267747035	0.697062998858	0.599367804756	0.632260863172	0.492576392659	0.62373818075	0.596681367451	0.567446415034	0.498534338762	0.781046560362	0.554992389725	0.672669187191	0.614582981526	0.672044427646	0.555305845343	0.619697474382	0.635832450644	0.588395345901
CF046.-140D.RE10.01.35382.mzXML	0.330107742554	0.564317395987	0.613294973858	0.533067919198	0.378681628999	0.602178484565	0.0	0.411902986477	0.381438423999	0.313659539479	0.791462890131	0.487740000135	0.393010098262	0.595132434679	0.670479348553	0.657141749929	0.540303234355	0.649081335323	0.431812078422	0.382106885436	0.507502384029	0.587591707217	0.62088925507	0.44990400442	0.519949404817	0.557904838606	0.366606535523	0.518075451732	0.647975340458	0.742308891566	0.541986042726	0.440321706896	0.619777249215	0.376012681001	0.567018519667	0.314905393459	0.402341893269	0.463861766128	0.485736755964	0.716222480766	0.462362002839	0.528100214541	0.362897873048	0.450480611613	0.488739034572	0.467893806051	0.528818865423	0.311172603259	0.529536767804	0.661632387032	0.510897524104	0.541183099286	0.51555741466	0.466215961898	0.349419819148	0.578214622407	0.62016952513	0.417518466005	0.473804219813	0.508335172617	0.657603862943	0.727076944375	0.719968204266	0.401194784928	0.476505553064	0.404066267305	0.451765771878	0.595469399716	0.492560244299	0.418261857006	0.769769567956	0.451041697987	0.492485969267	0.606048938785	0.564883410974	0.62762261767	0.529677099671	0.664507876155	0.673050482782	0.59161098807	0.560074052457	0.475656997963	0.450348440713	0.377996208509	0.437139273807	0.605595861411	0.584580541139	0.543475748808	0.444403051296	0.454910984454	0.463286703432	0.307998020039	0.428765288817	0.82488264376	0.497498596176	0.402695131163	0.377209629794	0.560939353953	0.5058654646	0.538423766964	0.528138868661	0.447014062382
CF053.0D.RF12.01.35412.mzXML	0.470221637407	0.640945798697	0.582967989892	0.577198667602	0.468986908442	0.507875127344	0.411902986477	0.0	0.48559480666	0.387225445094	0.767591179492	0.496830735556	0.425287045278	0.566619503455	0.674681554116	0.683245451446	0.454839743987	0.582563852698	0.509997157887	0.520386027431	0.484435500499	0.539615846876	0.594914070921	0.506045537028	0.563776500588	0.573507914168	0.407854485415	0.512184652415	0.600770397945	0.684354388442	0.596946683932	0.505482444993	0.619806825128	0.364339122762	0.493427941567	0.458910505486	0.445124553139	0.480580045183	0.436638879876	0.69803244473	0.559321085312	0.403813530281	0.347697583601	0.525744418206	0.545829668722	0.512405461527	0.54167317517	0.438893478408	0.535957910952	0.604133316907	0.556731325879	0.518007059219	0.568527830164	0.514407296464	0.472571072802	0.561372475232	0.585701201738	0.520183665624	0.446028367707	0.485777455711	0.648756596217	0.735267360717	0.704004145881	0.467610987184	0.49207337218	0.479194478803	0.473595983385	0.591121196432	0.457689171877	0.455462610244	0.735420056937	0.391866365748	0.534322746981	0.499975437545	0.627798660045	0.656326423118	0.486903272791	0.720376177055	0.628211415935	0.505264609217	0.511801227007	0.39890545733	0.399323407116	0.46493899505	0.36683667171	0.596318037266	0.546689077706	0.528023424884	0.413408345122	0.527113976405	0.486626648048	0.366169678615	0.408947753597	0.813332086654	0.492205287724	0.510692001951	0.410912682728	0.587568296243	0.479591857551	0.576928121786	0.571490161067	0.493789644739
CF061.-140D.RE9.01.35380.mzXML	0.548436860274	0.403505811255	0.633801909402	0.50151172501	0.565695136382	0.594271089552	0.381438423999	0.48559480666	0.0	0.345935315382	0.708642331041	0.48038976187	0.550200526789	0.670818431323	0.558244920247	0.542894819008	0.600289708792	0.701163555208	0.610818031321	0.369703441488	0.600955660805	0.484011446175	0.645742669873	0.611345375439	0.449167503083	0.530266876241	0.422403931357	0.432193978316	0.656891646355	0.76834700509	0.449273412513	0.595417899564	0.72590322397	0.361675917092	0.636031158322	0.31557957756	0.597960071928	0.42746813526	0.541926248986	0.612564348192	0.418040246575	0.587490541525	0.521729126549	0.619257968653	0.624764518178	0.619163088347	0.633347502453	0.387159560667	0.690574757013	0.535886656687	0.493881384529	0.654576081922	0.678405321228	0.640740995092	0.505886360692	0.656001908053	0.675472447442	0.538673894337	0.600235341026	0.553589276565	0.554952232515	0.601247015803	0.601324128625	0.566831803817	0.64369734427	0.594897863725	0.59991403691	0.480416851468	0.607830894868	0.429818317407	0.694213903725	0.531427791853	0.444053180476	0.631895918308	0.717576077846	0.734725131128	0.5738226605	0.538862367194	0.691335155063	0.643359685781	0.597110909945	0.578004576669	0.540938916725	0.397724382086	0.50477957579	0.685738483865	0.514756716314	0.456818479517	0.548369377968	0.597548438291	0.591801274524	0.313631167141	0.395378986362	0.73537867422	0.582886723315	0.380690958397	0.580046404536	0.70895137937	0.557798393414	0.443705530143	0.390582591821	0.609145157706
CF061.-14D.RF9.01.35406.mzXML	0.426848552701	0.547510466167	0.606990496584	0.561677272404	0.450964188736	0.597509695714	0.313659539479	0.387225445094	0.345935315382	0.0	0.769841764212	0.465538157696	0.432512883669	0.611985444615	0.657547765387	0.615601868501	0.515236600517	0.647325202763	0.514209677498	0.367265633414	0.537490425124	0.541789276806	0.624206829037	0.50326362901	0.492334282563	0.536045787368	0.356738709309	0.458575634148	0.647737325878	0.740790498022	0.5564268477	0.514926761335	0.644626674785	0.329039163326	0.548867244269	0.287185778216	0.447502231846	0.441067140377	0.446729525394	0.674425614809	0.443241001607	0.526628308623	0.386814767557	0.559569062575	0.54518017254	0.542151599178	0.566060696904	0.351512190527	0.568062495289	0.627820419756	0.525100074358	0.563511264096	0.582424160545	0.535516218666	0.406198493925	0.603970525819	0.65053171705	0.490662875915	0.482290469533	0.511819726753	0.607840991035	0.666651381681	0.694419412927	0.477041366497	0.503374310675	0.484150807239	0.529173255243	0.562746406879	0.53264774522	0.406238333724	0.73557551192	0.471625924796	0.492464397628	0.596110010726	0.648133611544	0.691289427857	0.547800006389	0.644772925791	0.674122345065	0.575057142375	0.559234063543	0.457890110672	0.425883717373	0.365399405403	0.41682365184	0.603379440014	0.547781572581	0.495728205465	0.461958819175	0.518878872761	0.514632141982	0.27318575951	0.37142676097	0.801029178939	0.536006437814	0.384457313961	0.447896232367	0.618057973932	0.513178046574	0.54144080179	0.457901150854	0.520429961363
CF064.-222D.RC10.01.35330.mzXML	0.866803071475	0.737937023898	0.827034975774	0.803027924857	0.867404545559	0.730526096773	0.791462890131	0.767591179492	0.708642331041	0.769841764212	0.0	0.735881898256	0.855730251285	0.888614455979	0.705351673015	0.716015842077	0.852886492603	0.863493666042	0.876019437979	0.77929119881	0.870294264669	0.636974595578	0.871812175537	0.864373310852	0.757928149893	0.798775491458	0.78082807144	0.722743843532	0.793138525752	0.884259830043	0.734883525185	0.864802200011	0.89460422519	0.747212004709	0.869226583378	0.778294043992	0.860259713958	0.741088498574	0.808502071291	0.567219664551	0.761742688323	0.832930684642	0.813944774511	0.861408845823	0.891366185749	0.904443529061	0.85837544347	0.760823246644	0.883686386812	0.653038555709	0.842900475887	0.878411803588	0.910665777504	0.868761439198	0.855505425516	0.877718925068	0.857877770401	0.832960640052	0.864521100633	0.83792542185	0.77783058035	0.649981267372	0.65130185618	0.866094411734	0.87363386393	0.86856817682	0.864129696755	0.647918645839	0.867128581553	0.762027959293	0.508477116926	0.795869749926	0.7577822371	0.806613667207	0.91089573569	0.893805877549	0.851687434337	0.656625950637	0.857644686144	0.858493633268	0.82338568606	0.85682948555	0.831100965461	0.772215401393	0.808000737368	0.900820998335	0.773020336433	0.726108448707	0.842942754232	0.866486270544	0.867571616514	0.763897391074	0.73007250575	0.58101420624	0.861110864716	0.793632942082	0.871592433758	0.912657622014	0.83703689766	0.762014072998	0.668298610068	0.873974911202
CF066.-131D.RF2.01.35392.mzXML	0.576086055174	0.525788404544	0.648635121812	0.62575799188	0.58141169957	0.572996530598	0.487740000135	0.496830735556	0.48038976187	0.465538157696	0.735881898256	0.0	0.536689300593	0.638486861883	0.52975013708	0.537898918125	0.544346530714	0.677659687761	0.609354988622	0.549428999895	0.578330154799	0.546305241965	0.68201966271	0.619820054512	0.470370466733	0.646348957157	0.532814853989	0.548911067786	0.610528418565	0.747693276901	0.524994214208	0.587133283045	0.743433711166	0.404196143082	0.611507721518	0.49714563815	0.607406050929	0.371088361936	0.483658907918	0.585048745364	0.572439443936	0.552781195144	0.548327577129	0.65317112111	0.616610414037	0.657445438597	0.674998331457	0.524013656388	0.690677400681	0.552077416418	0.650819958951	0.662832024552	0.670925578928	0.647478315736	0.550015046601	0.700032930213	0.666337235302	0.606508665186	0.598497077405	0.501095454483	0.62232954805	0.564385255456	0.572599609157	0.605712906599	0.644473671626	0.583414344764	0.56242742045	0.56086368067	0.589553530579	0.473524952187	0.639847480533	0.500989644187	0.575826028657	0.599269312893	0.729658801597	0.721491850902	0.537480781174	0.649162940941	0.729915149547	0.656528370539	0.622676987794	0.596221262926	0.517197731701	0.561477759482	0.474655051883	0.680969082673	0.621691839969	0.604222079045	0.579678574858	0.662405419394	0.596999021835	0.439977332837	0.476638824659	0.748017149587	0.606702520461	0.538303455713	0.589776615964	0.715966176173	0.513571218459	0.589746198399	0.491295771845	0.604174014346
CF069.-173D.RE1.01.35364.mzXML	0.3574105115	0.690703582851	0.594376436462	0.605036751944	0.343419501211	0.56880245324	0.393010098262	0.425287045278	0.550200526789	0.432512883669	0.855730251285	0.536689300593	0.0	0.476534294129	0.747516632268	0.7318234481	0.462825551018	0.573940281129	0.351051359046	0.502402328273	0.386782633372	0.671523700197	0.530390354792	0.365831581087	0.622861904239	0.577705244092	0.407240481809	0.639495861793	0.611923143734	0.65057452248	0.645005555331	0.38154317399	0.493949864473	0.455446013799	0.423106693334	0.456817976666	0.368291496451	0.537518708453	0.397130774287	0.794758286643	0.54909890882	0.370348145053	0.310435700064	0.426562903423	0.368521650137	0.322186025815	0.425708573175	0.415344008348	0.414175209149	0.699016625267	0.56835204542	0.403006865856	0.384278451949	0.36667005032	0.390493791488	0.464402710751	0.532609709989	0.49217741044	0.333576002157	0.448193887774	0.704235900747	0.781623482794	0.781013214638	0.313326837565	0.344378484898	0.310265308445	0.362995862935	0.658232121677	0.340663481801	0.514353915425	0.792393119792	0.400992325733	0.538386206726	0.534430302477	0.486774232639	0.584810739861	0.480514014177	0.757627560308	0.596286670422	0.515227136475	0.526515073148	0.373560053469	0.441670181091	0.483899328547	0.433022786151	0.476600320587	0.596425208796	0.587600347055	0.37700500008	0.448336173496	0.374462267033	0.44435142456	0.497166130841	0.863053945411	0.412597285004	0.489357219634	0.302802708856	0.440365447234	0.404502173172	0.591038934641	0.641286118467	0.336848060791
CF075.156D.BA7.01.35481.mzXML	0.566985665284	0.761707075956	0.587787978417	0.648779210612	0.537201213174	0.623810203339	0.595132434679	0.566619503455	0.670818431323	0.611985444615	0.888614455979	0.638486861883	0.476534294129	0.0	0.787319400544	0.786960014149	0.492877723217	0.570602576324	0.355576812576	0.696576496906	0.425871901392	0.740400384772	0.548139014964	0.418078667159	0.724681145614	0.723930601009	0.633467694098	0.742359143696	0.600057107356	0.548399337843	0.721613245199	0.497320411776	0.447880286935	0.604654464596	0.449828346502	0.647500017847	0.557235231398	0.624072763043	0.413739937681	0.84747595115	0.725846803729	0.494027277064	0.513920961458	0.544705522918	0.434552735067	0.427490991547	0.469378438921	0.652434474953	0.497002286751	0.751022757483	0.613671378874	0.494169706188	0.363284879106	0.501543748499	0.565780474264	0.461688567283	0.561841722332	0.608340887505	0.385168010869	0.445422405524	0.793839342201	0.856777582542	0.835092811273	0.469278658383	0.546882172408	0.507983468723	0.486709396529	0.742016311887	0.414889707484	0.685820571682	0.857321559436	0.434440766797	0.645109119239	0.590186738589	0.575613175457	0.587628984293	0.466439890811	0.825544507983	0.571856492599	0.55443059939	0.556022604306	0.484244392713	0.462851523509	0.698848259788	0.481504853579	0.546301172248	0.674100993508	0.721878088259	0.438656432917	0.584193271721	0.463729715172	0.591321224216	0.586367873987	0.907033765644	0.395555937635	0.685750470578	0.522214879919	0.524820843163	0.437599801038	0.654650075427	0.740099513568	0.480506287156
CF077.-131D.RF1.01.35390.mzXML	0.743580536524	0.588267418757	0.750368559853	0.66614760437	0.789411784166	0.722525574345	0.670479348553	0.674681554116	0.558244920247	0.657547765387	0.705351673015	0.52975013708	0.747516632268	0.787319400544	0.0	0.381343068428	0.688640452522	0.773365556986	0.77584585263	0.577938714795	0.776193152038	0.575801614929	0.803361569207	0.764528157757	0.503218047995	0.64122619866	0.690809276824	0.516945338713	0.713587119956	0.819272538514	0.544128768931	0.785156551261	0.833864494248	0.600043520875	0.803197979807	0.591284558973	0.77060313742	0.583347621185	0.699709249597	0.545687215282	0.551170656258	0.710251422651	0.710086026987	0.767811685123	0.785992317811	0.822683742407	0.797945781212	0.648108508694	0.783948136364	0.525242837725	0.687828903216	0.798334617666	0.828375664068	0.789881320834	0.685658820594	0.79075800296	0.760682860874	0.726350013962	0.742449312207	0.713956087993	0.635834469644	0.514095026751	0.465518664961	0.792952674667	0.767003442747	0.773965406107	0.731190118675	0.563381423705	0.766133665329	0.575528361999	0.669041632596	0.695568523399	0.628516861436	0.751010219813	0.849150441025	0.829092204491	0.769557566037	0.657541587195	0.813387410505	0.72401573668	0.751011726551	0.741834405057	0.714785827633	0.622573339658	0.691801853484	0.831515214593	0.61858856284	0.617387482858	0.732054237558	0.784315480865	0.78204545092	0.632158796638	0.643080242483	0.765636975543	0.754014785799	0.569605809986	0.784395055428	0.848550982906	0.721341295093	0.592308317537	0.568060294109	0.797228684671
CF082.-161D.RE3.01.35368.mzXML	0.712179750623	0.564788001886	0.731002024276	0.64970193142	0.763644699851	0.682202232624	0.657141749929	0.683245451446	0.542894819008	0.615601868501	0.716015842077	0.537898918125	0.7318234481	0.786960014149	0.381343068428	0.0	0.66968664945	0.758911011449	0.765690372326	0.535244271049	0.758234913875	0.536554581455	0.779657001998	0.759148875843	0.491298994117	0.57907633121	0.649690610779	0.478757287747	0.684558128552	0.82359943345	0.524817183183	0.770438306151	0.83679256405	0.585477957341	0.786529256911	0.565720648328	0.734554665745	0.556948176395	0.679666693799	0.495579972957	0.520533804254	0.725107610037	0.715193721543	0.77693232831	0.77379680533	0.812871283271	0.786199029405	0.612699730649	0.765326145274	0.49924476177	0.673420324986	0.807389954245	0.807343187406	0.770734363584	0.674429200206	0.783829816749	0.763911699337	0.717444188521	0.757194619184	0.710874277228	0.588900713192	0.455502650978	0.493325756946	0.784713649241	0.746626279035	0.747847388827	0.751395007166	0.525269096041	0.763197768716	0.539493008594	0.670981320009	0.704560120224	0.605297257948	0.725901728648	0.830080484426	0.823979228834	0.744553205992	0.609520513875	0.808368841741	0.719721576675	0.722594868185	0.721121346563	0.687289376295	0.580484627124	0.669604796878	0.806756781813	0.579415975128	0.55555676324	0.738422597807	0.753252239798	0.772074909072	0.607755312865	0.618423526514	0.757295437898	0.758556742741	0.568733651577	0.764116918242	0.830700175828	0.723796239727	0.569093179811	0.515302597251	0.780301470892
CF083.-313D.RB1.01.35286.mzXML	0.487833847075	0.715345084584	0.490932219968	0.590987263403	0.503058580184	0.571832094612	0.540303234355	0.454839743987	0.600289708792	0.515236600517	0.852886492603	0.544346530714	0.462825551018	0.492877723217	0.688640452522	0.66968664945	0.0	0.505360791653	0.500843014385	0.565146233655	0.480266015946	0.613794439627	0.555387579012	0.537253257514	0.606375519311	0.545207389941	0.487537450085	0.617069646314	0.556030934077	0.627404764335	0.616378312725	0.539356294306	0.584969994059	0.45144006407	0.508886205135	0.519705660147	0.486006565245	0.547721096657	0.521260600927	0.733122766736	0.566886013532	0.437172275339	0.431062959326	0.515502810701	0.522228213204	0.544610131707	0.541319777986	0.514874528407	0.514414845052	0.627919060699	0.545291623927	0.523184784863	0.531334029183	0.522183965553	0.539081261506	0.533917911267	0.524443497435	0.533335832855	0.460514778109	0.539546557305	0.632605387656	0.750426820051	0.728066027664	0.50008833858	0.529751425799	0.508370851777	0.495035328311	0.614933922709	0.437176537647	0.547486371201	0.779405751662	0.446172862058	0.546428826163	0.539958951383	0.577825730827	0.653863517866	0.51548614922	0.759286235376	0.571561158214	0.463111407246	0.473196685822	0.407786480629	0.396841631077	0.531634851612	0.399602257476	0.604591774524	0.526470492794	0.5522998559	0.430284638112	0.549073306626	0.511054307666	0.489211255975	0.524767209197	0.86180919003	0.476479628048	0.536139148585	0.493804469472	0.56381747298	0.555882763953	0.59534968381	0.671755114408	0.493414134905
CF086.-243D.RC4.01.35318.mzXML	0.608232123307	0.77940200551	0.546385367563	0.662316975713	0.599048747127	0.519706905613	0.649081335323	0.582563852698	0.701163555208	0.647325202763	0.863493666042	0.677659687761	0.573940281129	0.570602576324	0.773365556986	0.758911011449	0.505360791653	0.0	0.579586648681	0.686663413313	0.55876860073	0.704063576318	0.471045359776	0.56462112928	0.745129715783	0.678774731604	0.607922072769	0.697394503298	0.397802138905	0.585263478265	0.714157612924	0.600657164968	0.545321835297	0.61084475782	0.558474280234	0.659477385953	0.572796193409	0.689511392908	0.574145695108	0.819204904176	0.693561839726	0.517510069799	0.530208630945	0.516913540419	0.591228128276	0.59897238264	0.527818819304	0.640296161137	0.531238256545	0.713127600467	0.60470481464	0.570302856757	0.595864701164	0.584369692124	0.639154607293	0.483412937198	0.462256458547	0.664746052634	0.542472637569	0.614386296212	0.746276557211	0.812884585673	0.782875252702	0.5704493393	0.604319237071	0.587340746734	0.539645552709	0.681754853609	0.517741060373	0.654734769401	0.801945866393	0.541390417606	0.674825656658	0.530744706253	0.533924330221	0.713085134177	0.568700625682	0.817383925049	0.4176305139	0.441203029228	0.418955729625	0.503443978373	0.517266483372	0.670114347325	0.498988870897	0.67771042091	0.573908290826	0.661893473923	0.494265952178	0.613859125565	0.566144203013	0.629518266431	0.630561185164	0.886077442211	0.556169650367	0.683748202986	0.594861726328	0.60939001599	0.615807388231	0.658176263436	0.748533990879	0.568699155757
CF092.21D.RG12.01.35437.mzXML	0.396255318619	0.740985309083	0.589754092443	0.615587246086	0.34839618652	0.612556143209	0.431812078422	0.509997157887	0.610818031321	0.514209677498	0.876019437979	0.609354988622	0.351051359046	0.355576812576	0.77584585263	0.765690372326	0.500843014385	0.579586648681	0.0	0.555959754271	0.440279631468	0.711602009305	0.528408299581	0.334680905336	0.688900888042	0.612802254389	0.483539827421	0.698951093011	0.618578533846	0.562464850418	0.708227848582	0.417938328785	0.42772961664	0.540341164886	0.465633066865	0.536390355514	0.347751403578	0.598840183408	0.386439983348	0.827089773253	0.62333938354	0.469255975298	0.386161068721	0.393737670814	0.34322009886	0.351415327487	0.413153170184	0.509045387027	0.333381044054	0.734031383584	0.533566792268	0.474025608231	0.245524635283	0.348801150152	0.414170257622	0.434747914025	0.553778635218	0.463036841767	0.37976414611	0.463859441423	0.766152861167	0.829925589081	0.813841633283	0.324331555551	0.381820456313	0.342656471239	0.418693800543	0.714612644784	0.393961796472	0.587768503882	0.842951525088	0.438095113948	0.564503859101	0.596981338519	0.440625815103	0.558284846578	0.482407889432	0.802548784567	0.552739880391	0.520565560627	0.528622600888	0.418619927108	0.434928666249	0.573146147581	0.46340142264	0.532640935083	0.609806039895	0.628397337565	0.426186344862	0.393634341932	0.426381402867	0.520909758361	0.545538928508	0.892555809412	0.391392486046	0.568834646889	0.351367064183	0.438870282916	0.43659225778	0.600390992641	0.697219365267	0.403452998272
CF093.65D.RH5.01.35448.mzXML	0.465044827233	0.514927068771	0.634246163396	0.520712749338	0.503242084087	0.674716708701	0.382106885436	0.520386027431	0.369703441488	0.367265633414	0.77929119881	0.549428999895	0.502402328273	0.696576496906	0.577938714795	0.535244271049	0.565146233655	0.686663413313	0.555959754271	0.0	0.6253045176	0.474531773725	0.670836828631	0.584689902043	0.433473108167	0.418207184435	0.33720340645	0.377187543841	0.688839724014	0.80770113038	0.469867088248	0.602972861613	0.711129075446	0.382673575991	0.683298061864	0.248189380843	0.499287027813	0.480784663242	0.612864428398	0.613434135122	0.308808717935	0.607718440411	0.455959302979	0.583262510853	0.603661240628	0.616125353106	0.638604137558	0.285121148132	0.610795423464	0.564015335642	0.465504216003	0.663009888844	0.623334153756	0.602541179298	0.421636058078	0.62968071863	0.683767747392	0.472524164166	0.596015064198	0.633393292402	0.521716024828	0.572479781008	0.586541277821	0.534271285274	0.561808063157	0.546660786202	0.584819371845	0.453361336424	0.61287938709	0.420834462663	0.730132983319	0.599286749744	0.412205078809	0.66942443079	0.656068098093	0.721964019198	0.646177423896	0.595240701993	0.704917281085	0.604233697	0.591955726425	0.538972407632	0.54802303585	0.294578755493	0.526754321008	0.696008221692	0.45950440472	0.380762589103	0.550452240408	0.525016287655	0.590303763816	0.360123406291	0.47903706782	0.790475515217	0.599112200562	0.300181097844	0.51707576345	0.665984284486	0.620927869585	0.457671270499	0.452503920288	0.591099328095
CF095.-14D.RF10.01.35408.mzXML	0.48258234011	0.742733754618	0.619372045513	0.633522369187	0.403929308717	0.563054659103	0.507502384029	0.484435500499	0.600955660805	0.537490425124	0.870294264669	0.578330154799	0.386782633372	0.425871901392	0.776193152038	0.758234913875	0.480266015946	0.55876860073	0.440279631468	0.6253045176	0.0	0.710153437823	0.551543788198	0.334082590012	0.673133912776	0.679216111693	0.543003303472	0.686319262883	0.556882551675	0.643234158097	0.70029157873	0.310370077786	0.505423294456	0.540666468352	0.272233178393	0.569398238818	0.494730048394	0.566327366806	0.409639886965	0.808582710878	0.653923110104	0.388718183775	0.483257100534	0.481438679162	0.329892555358	0.357393941269	0.460010693465	0.564009950194	0.546204582978	0.737395445381	0.620202200481	0.344217250953	0.398605065974	0.43291971057	0.534525057052	0.505816667085	0.528082364295	0.600086051961	0.312777031153	0.457840307042	0.770668355631	0.82400377272	0.799005755792	0.354229915693	0.489728781186	0.382728240013	0.327766179133	0.724112827197	0.263140325955	0.587420612108	0.816106426094	0.367899952778	0.632306643575	0.51346366414	0.466134681039	0.572049228746	0.36021871823	0.798426545616	0.644142305418	0.568304324684	0.570982733189	0.457556058008	0.468983782989	0.607894165867	0.4751322518	0.464504389758	0.67649500329	0.674723774367	0.389868417605	0.595081754923	0.245278615997	0.525937605414	0.583574805539	0.883151273727	0.409866856443	0.601063839535	0.427538321256	0.382045393599	0.383849905533	0.675985999422	0.713487619605	0.237660655126
CF104.0D.RF11.01.35410.mzXML	0.679216252443	0.538877483178	0.625087079367	0.576805810087	0.698766538216	0.594042002464	0.587591707217	0.539615846876	0.484011446175	0.541789276806	0.636974595578	0.546305241965	0.671523700197	0.740400384772	0.575801614929	0.536554581455	0.613794439627	0.704063576318	0.711602009305	0.474531773725	0.710153437823	0.0	0.722320304615	0.715533045783	0.549141213503	0.5320464353	0.514960861884	0.425017303232	0.667252144372	0.795695345336	0.448296478418	0.730267526525	0.778636831688	0.431494481007	0.713708184628	0.505706652376	0.655640293279	0.523727861771	0.65170901385	0.457297392889	0.50496001189	0.641560995592	0.586675875837	0.720232332331	0.74609060089	0.755422294146	0.704208969942	0.4642582778	0.723602279418	0.393906728117	0.620906733134	0.758057922569	0.767360736399	0.72241931549	0.641187253504	0.730371787837	0.719374152212	0.643640931861	0.694195343739	0.684669703937	0.423169284277	0.524756010298	0.456417576788	0.701175648356	0.724183867427	0.707655856151	0.693694289546	0.29621840058	0.696508053446	0.548287469115	0.635154599506	0.623373875708	0.483465413833	0.618326222394	0.784401582125	0.804295545578	0.65418305104	0.50132232137	0.71545063318	0.680636668548	0.622474061721	0.653682770149	0.599511012667	0.44366998529	0.526143662774	0.782030384009	0.453266838481	0.416794877003	0.655462192251	0.673631859162	0.716412812117	0.52792457167	0.479159877476	0.68156892557	0.687242346585	0.530187071828	0.696409683103	0.792983796431	0.702638349493	0.427519435644	0.486207118034	0.715070640132
CF107.-215D.RC12.01.35334.mzXML	0.596706570068	0.759386309064	0.564667224692	0.673526316447	0.585975927319	0.544244252655	0.62088925507	0.594914070921	0.645742669873	0.624206829037	0.871812175537	0.68201966271	0.530390354792	0.548139014964	0.803361569207	0.779657001998	0.555387579012	0.471045359776	0.528408299581	0.670836828631	0.551543788198	0.722320304615	0.0	0.551995945045	0.717960654077	0.670400062759	0.586835884842	0.723326413703	0.456251501867	0.564102509394	0.721892669312	0.611386366478	0.500466417944	0.599189969377	0.582968636149	0.635479556074	0.559865013291	0.635967118815	0.572810438017	0.821499615786	0.685396461119	0.518154372426	0.525359578317	0.466727569564	0.546326082713	0.554725548302	0.477100304984	0.609819646765	0.524159530175	0.736173867315	0.59320710624	0.588980429012	0.549431293959	0.553605751167	0.592423164548	0.460147122166	0.346780704029	0.631469517293	0.507465280103	0.580404888377	0.787257819692	0.835049371176	0.818215105264	0.564677715418	0.597780494162	0.582364612331	0.55933974777	0.735334481453	0.507044060852	0.639253680016	0.829300168692	0.497039174871	0.642487587353	0.56448903651	0.49584662337	0.712575109575	0.548505163815	0.808137137636	0.469240325857	0.539520099567	0.499145059408	0.550121668473	0.549983021718	0.661758144228	0.560505337351	0.65995808868	0.654750542084	0.680093150024	0.493815891171	0.567321696765	0.599925750554	0.599575700439	0.593667083843	0.890379747336	0.503076878918	0.673280070241	0.593130062325	0.611619572655	0.555842831949	0.647219093632	0.725971741623	0.585037399507
